0,531
0,530
0,529
0,528
0,527
0,526
0,525
0,524
0,523
0,522
0,521
0,520
0,519
0,518
0,517
0,516
0,515
0,514
0,513
0,512
0,281
0,511
0,510
0,509
0,508
0,507
0,506
0,505
0,504
0,503
0,502
0,501
0,500
0,499
0,498
0,497
0,496
0,495
0,494
0,493
0,492
0,491
0,490
0,489
0,488
0,487
0,486
0,485
0,484
0,483
0,482
0,481
0,480
0,479
30,6
30,5
30,1
30,4
30,3
65,75
65,74
65,73
65,72
65,71
65,70
65,69
65,68
65,67
65,66
65,65
65,64
65,35
65,34
65,33
65,32
65,31
65,30
65,29
65,28
65,27
65,26
65,25
65,24
65,23
65,22
65,21
65,20
65,19
65,18
0,385
14,5
3,2
3,1
3,3
10,88
10,106
10,172
10,34
10,4
10,274
10,84
10,70
10,2
10,3
11,11
11,17
11,15
11,5
11,2
11,3
9,7
9,6
9,4
9,2
9,3
8,17
8,11
8,16
8,6
8,4
8,2
8,3
0,412
12,2
12,1
12,3
78,15
78,14
78,13
78,12
78,11
78,10
78,9
78,8
78,7
78,6
78,5
78,4
78,3
78,2
78,1
78,0
73,1
73,0
72,3
72,2
72,1
72,0
71,3
71,2
20,2
71,1
20,1
71,0
69,3
69,2
20,3
69,1
69,0
68,4
68,3
68,2
19,2
68,1
19,1
68,0
